NACA 4421
     1.000000    0.002205
     0.991807    0.005291
     0.978482    0.010237
     0.963893    0.015547
     0.948084    0.021180
     0.931159    0.027073
     0.913269    0.033149
     0.894586    0.039331
     0.875280    0.045546
     0.855499    0.051732
     0.835368    0.057842
     0.814983    0.063840
     0.794416    0.069699
     0.773722    0.075399
     0.752943    0.080927
     0.732112    0.086271
     0.711253    0.091423
     0.690389    0.096374
     0.669538    0.101117
     0.648717    0.105647
     0.627943    0.109957
     0.607233    0.114040
     0.586602    0.117890
     0.566068    0.121500
     0.545651    0.124865
     0.525372    0.127977
     0.505256    0.130829
     0.485330    0.133415
     0.465628    0.135729
     0.446191    0.137764
     0.427066    0.139517
     0.408314    0.140985
     0.389997    0.142153
     0.372104    0.142961
     0.354576    0.143414
     0.337383    0.143520
     0.320513    0.143286
     0.303964    0.142718
     0.287745    0.141821
     0.271870    0.140604
     0.256358    0.139074
     0.241234    0.137244
     0.226523    0.135126
     0.212254    0.132737
     0.198457    0.130095
     0.185162    0.127222
     0.172396    0.124143
     0.160183    0.120883
     0.148544    0.117471
     0.137491    0.113935
     0.127032    0.110303
     0.117167    0.106601
     0.107889    0.102855
     0.099185    0.099085
     0.091037    0.095310
     0.083421    0.091547
     0.076312    0.087808
     0.069683    0.084102
     0.063505    0.080437
     0.057751    0.076818
     0.052393    0.073246
     0.047405    0.069724
     0.042763    0.066252
     0.038444    0.062829
     0.034428    0.059453
     0.030696    0.056122
     0.027230    0.052833
     0.024017    0.049585
     0.021042    0.046374
     0.018294    0.043198
     0.015763    0.040055
     0.013441    0.036941
     0.011320    0.033856
     0.009394    0.030797
     0.007659    0.027764
     0.006109    0.024756
     0.004742    0.021774
     0.003554    0.018818
     0.002543    0.015890
     0.001707    0.012993
     0.001041    0.010130
     0.000544    0.007305
     0.000209    0.004522
     0.000033    0.001786
     0.000008   -0.000898
     0.000136   -0.003597
     0.000430   -0.006321
     0.000901   -0.009059
     0.001562   -0.011801
     0.002421   -0.014535
     0.003487   -0.017248
     0.004763   -0.019930
     0.006253   -0.022569
     0.007956   -0.025156
     0.009872   -0.027683
     0.011999   -0.030145
     0.014335   -0.032538
     0.016879   -0.034860
     0.019629   -0.037110
     0.022589   -0.039290
     0.025760   -0.041401
     0.029149   -0.043444
     0.032761   -0.045422
     0.036608   -0.047337
     0.040701   -0.049191
     0.045056   -0.050985
     0.049692   -0.052722
     0.054629   -0.054403
     0.059894   -0.056027
     0.065515   -0.057594
     0.071528   -0.059103
     0.077970   -0.060552
     0.084886   -0.061938
     0.092326   -0.063256
     0.100347   -0.064499
     0.109010   -0.065659
     0.118384   -0.066727
     0.128540   -0.067690
     0.139552   -0.068534
     0.151495   -0.069243
     0.164435   -0.069800
     0.178431   -0.070185
     0.193523   -0.070383
     0.209729   -0.070380
     0.227043   -0.070164
     0.245432   -0.069732
     0.264840   -0.069087
     0.285187   -0.068239
     0.306380   -0.067205
     0.328305   -0.066007
     0.350834   -0.064675
     0.373805   -0.063242
     0.397015   -0.061748
     0.420247   -0.060171
     0.443521   -0.058445
     0.466915   -0.056580
     0.490472   -0.054590
     0.514210   -0.052487
     0.538135   -0.050286
     0.562243   -0.047998
     0.586523   -0.045635
     0.610959   -0.043211
     0.635532   -0.040735
     0.660219   -0.038218
     0.684994   -0.035670
     0.709825   -0.033100
     0.734674   -0.030515
     0.759494   -0.027925
     0.784221   -0.025337
     0.808769   -0.022762
     0.833021   -0.020211
     0.856817   -0.017700
     0.879947   -0.015248
     0.902156   -0.012883
     0.923165   -0.010630
     0.942714   -0.008518
     0.960613   -0.006567
     0.976781   -0.004790
     0.991245   -0.003184
     1.000000   -0.002205
