NACA 6412
     1.000000    0.001260
     0.994035    0.003281
     0.983598    0.006774
     0.971400    0.010787
     0.957753    0.015189
     0.943122    0.019807
     0.927914    0.024495
     0.912395    0.029165
     0.896708    0.033766
     0.880927    0.038277
     0.865085    0.042687
     0.849201    0.046989
     0.833282    0.051182
     0.817333    0.055263
     0.801358    0.059233
     0.785359    0.063088
     0.769336    0.066830
     0.753293    0.070457
     0.737230    0.073968
     0.721149    0.077361
     0.705051    0.080636
     0.688939    0.083792
     0.672814    0.086827
     0.656678    0.089740
     0.640532    0.092528
     0.624378    0.095191
     0.608218    0.097727
     0.592054    0.100134
     0.575887    0.102409
     0.559721    0.104551
     0.543557    0.106558
     0.527398    0.108426
     0.511246    0.110154
     0.495104    0.111739
     0.478978    0.113178
     0.462874    0.114468
     0.446803    0.115605
     0.430788    0.116586
     0.414870    0.117406
     0.399133    0.118061
     0.383661    0.118497
     0.368351    0.118674
     0.353138    0.118597
     0.337994    0.118263
     0.322911    0.117672
     0.307886    0.116821
     0.292924    0.115707
     0.278030    0.114328
     0.263210    0.112680
     0.248473    0.110763
     0.233829    0.108573
     0.219288    0.106109
     0.204863    0.103368
     0.190569    0.100349
     0.176423    0.097053
     0.162447    0.093478
     0.148670    0.089628
     0.135127    0.085507
     0.121867    0.081127
     0.108954    0.076506
     0.096479    0.071676
     0.084557    0.066686
     0.073334    0.061611
     0.062963    0.056547
     0.053583    0.051603
     0.045277    0.046880
     0.038051    0.042449
     0.031838    0.038342
     0.026530    0.034560
     0.022001    0.031078
     0.018131    0.027864
     0.014816    0.024880
     0.011970    0.022092
     0.009523    0.019468
     0.007423    0.016981
     0.005628    0.014608
     0.004109    0.012331
     0.002843    0.010132
     0.001818    0.008002
     0.001025    0.005933
     0.000460    0.003923
     0.000119    0.001974
     0.000000    0.000099
     0.000101   -0.001752
     0.000455   -0.003629
     0.001098   -0.005492
     0.002052   -0.007299
     0.003317   -0.009015
     0.004882   -0.010617
     0.006733   -0.012096
     0.008861   -0.013454
     0.011270   -0.014699
     0.013973   -0.015842
     0.017000   -0.016890
     0.020393   -0.017849
     0.024215   -0.018724
     0.028544   -0.019513
     0.033488   -0.020211
     0.039181   -0.020807
     0.045788   -0.021281
     0.053499   -0.021604
     0.062506   -0.021742
     0.072951   -0.021652
     0.084872   -0.021302
     0.098161   -0.020679
     0.112597   -0.019798
     0.127916   -0.018692
     0.143885   -0.017407
     0.160321   -0.015990
     0.177090   -0.014482
     0.194079   -0.012922
     0.211166   -0.011346
     0.228233   -0.009787
     0.245228   -0.008268
     0.262141   -0.006805
     0.278972   -0.005409
     0.295730   -0.004091
     0.312424   -0.002858
     0.329065   -0.001719
     0.345666   -0.000678
     0.362247    0.000257
     0.378844    0.001084
     0.395534    0.001799
     0.412464    0.002432
     0.429573    0.003055
     0.446743    0.003663
     0.463923    0.004250
     0.481091    0.004810
     0.498240    0.005340
     0.515367    0.005837
     0.532472    0.006296
     0.549556    0.006715
     0.566622    0.007092
     0.583671    0.007425
     0.600704    0.007711
     0.617724    0.007948
     0.634730    0.008135
     0.651726    0.008270
     0.668711    0.008352
     0.685688    0.008380
     0.702658    0.008353
     0.719622    0.008270
     0.736580    0.008131
     0.753535    0.007935
     0.770486    0.007681
     0.787436    0.007370
     0.804384    0.007001
     0.821331    0.006575
     0.838276    0.006092
     0.855218    0.005552
     0.872149    0.004956
     0.889055    0.004306
     0.905899    0.003604
     0.922606    0.002856
     0.939011    0.002071
     0.954809    0.001269
     0.969518    0.000484
     0.982595   -0.000246
     0.993696   -0.000887
     1.000000   -0.001260
