NACA 2421
     1.000000    0.002205
     0.991577    0.004820
     0.977840    0.009023
     0.962748    0.013553
     0.946341    0.018376
     0.928727    0.023439
     0.910069    0.028674
     0.890559    0.034012
     0.870382    0.039387
     0.849707    0.044745
     0.828668    0.050043
     0.807371    0.055250
     0.785897    0.060342
     0.764303    0.065302
     0.742636    0.070118
     0.720929    0.074780
     0.699211    0.079279
     0.677505    0.083608
     0.655831    0.087759
     0.634207    0.091727
     0.612653    0.095504
     0.591185    0.099084
     0.569822    0.102459
     0.548582    0.105623
     0.527486    0.108566
     0.506555    0.111283
     0.485815    0.113764
     0.465293    0.116003
     0.445024    0.117991
     0.425045    0.119722
     0.405405    0.121191
     0.386151    0.122379
     0.367279    0.123254
     0.348767    0.123816
     0.330615    0.124069
     0.312831    0.124015
     0.295434    0.123656
     0.278446    0.122997
     0.261897    0.122044
     0.245819    0.120807
     0.230246    0.119297
     0.215213    0.117529
     0.200755    0.115521
     0.186901    0.113293
     0.173680    0.110870
     0.161110    0.108275
     0.149203    0.105535
     0.137964    0.102676
     0.127388    0.099721
     0.117461    0.096694
     0.108164    0.093615
     0.099471    0.090502
     0.091353    0.087369
     0.083779    0.084229
     0.076716    0.081091
     0.070130    0.077961
     0.063989    0.074845
     0.058264    0.071747
     0.052925    0.068668
     0.047946    0.065609
     0.043301    0.062570
     0.038970    0.059549
     0.034932    0.056547
     0.031170    0.053560
     0.027667    0.050588
     0.024411    0.047629
     0.021390    0.044680
     0.018593    0.041739
     0.016012    0.038805
     0.013640    0.035878
     0.011472    0.032955
     0.009502    0.030036
     0.007726    0.027123
     0.006143    0.024216
     0.004748    0.021317
     0.003540    0.018428
     0.002516    0.015554
     0.001674    0.012698
     0.001009    0.009867
     0.000516    0.007065
     0.000191    0.004299
     0.000026    0.001575
     0.000013   -0.001106
     0.000152   -0.003811
     0.000456   -0.006548
     0.000933   -0.009305
     0.001594   -0.012076
     0.002446   -0.014849
     0.003495   -0.017616
     0.004745   -0.020367
     0.006198   -0.023094
     0.007856   -0.025791
     0.009718   -0.028452
     0.011786   -0.031073
     0.014059   -0.033651
     0.016539   -0.036184
     0.019227   -0.038673
     0.022128   -0.041117
     0.025245   -0.043517
     0.028587   -0.045875
     0.032161   -0.048193
     0.035978   -0.050472
     0.040053   -0.052713
     0.044400   -0.054919
     0.049039   -0.057091
     0.053991   -0.059229
     0.059280   -0.061334
     0.064935   -0.063406
     0.070988   -0.065443
     0.077475   -0.067444
     0.084437   -0.069406
     0.091916   -0.071323
     0.099962   -0.073190
     0.108626   -0.074999
     0.117961   -0.076740
     0.128023   -0.078399
     0.138864   -0.079963
     0.150533   -0.081414
     0.163072   -0.082734
     0.176510   -0.083901
     0.190865   -0.084896
     0.206137   -0.085700
     0.222307   -0.086296
     0.239343   -0.086670
     0.257199   -0.086813
     0.275816   -0.086722
     0.295132   -0.086396
     0.315077   -0.085842
     0.335579   -0.085068
     0.356559   -0.084088
     0.377932   -0.082918
     0.399594   -0.081579
     0.421443   -0.080061
     0.443478   -0.078343
     0.465712   -0.076439
     0.488148   -0.074359
     0.510782   -0.072114
     0.533605   -0.069717
     0.556602   -0.067176
     0.579760   -0.064503
     0.603061   -0.061708
     0.626487   -0.058800
     0.650017   -0.055789
     0.673630   -0.052682
     0.697301   -0.049487
     0.721002   -0.046214
     0.744699   -0.042869
     0.768350   -0.039461
     0.791900   -0.035999
     0.815274   -0.032497
     0.838371   -0.028971
     0.861053   -0.025442
     0.883145   -0.021940
     0.904426   -0.018504
     0.924656   -0.015177
     0.943599   -0.012005
     0.961070   -0.009028
     0.976969   -0.006275
     0.991290   -0.003756
     1.000000   -0.002205
