NACA 2412
     1.000000    0.001260
     0.993813    0.002535
     0.983041    0.004730
     0.970492    0.007245
     0.956456    0.010007
     0.941384    0.012914
     0.925694    0.015877
     0.909666    0.018836
     0.893463    0.021760
     0.877167    0.024633
     0.860819    0.027449
     0.844439    0.030203
     0.828038    0.032894
     0.811621    0.035522
     0.795192    0.038086
     0.778752    0.040585
     0.762303    0.043020
     0.745847    0.045389
     0.729385    0.047693
     0.712918    0.049931
     0.696448    0.052101
     0.679976    0.054204
     0.663504    0.056238
     0.647032    0.058201
     0.630563    0.060093
     0.614097    0.061913
     0.597636    0.063657
     0.581182    0.065326
     0.564737    0.066916
     0.548301    0.068427
     0.531878    0.069855
     0.515468    0.071198
     0.499074    0.072453
     0.482700    0.073619
     0.466347    0.074691
     0.450022    0.075667
     0.433733    0.076543
     0.417495    0.077316
     0.401335    0.077980
     0.385293    0.078517
     0.369339    0.078906
     0.353450    0.079142
     0.337617    0.079225
     0.321838    0.079147
     0.306116    0.078907
     0.290456    0.078497
     0.274865    0.077914
     0.259351    0.077151
     0.243924    0.076203
     0.228594    0.075065
     0.213377    0.073729
     0.198288    0.072190
     0.183352    0.070441
     0.168594    0.068477
     0.154053    0.066294
     0.139778    0.063890
     0.125839    0.061268
     0.112328    0.058438
     0.099367    0.055423
     0.087106    0.052261
     0.075707    0.049009
     0.065315    0.045734
     0.056023    0.042506
     0.047847    0.039383
     0.040733    0.036401
     0.034576    0.033574
     0.029254    0.030899
     0.024646    0.028366
     0.020643    0.025956
     0.017154    0.023652
     0.014104    0.021434
     0.011437    0.019286
     0.009105    0.017192
     0.007075    0.015140
     0.005323    0.013118
     0.003833    0.011117
     0.002593    0.009132
     0.001599    0.007162
     0.000849    0.005210
     0.000338    0.003286
     0.000062    0.001401
     0.000006   -0.000425
     0.000166   -0.002269
     0.000569   -0.004148
     0.001232   -0.006035
     0.002164   -0.007906
     0.003366   -0.009743
     0.004836   -0.011537
     0.006573   -0.013285
     0.008581   -0.014989
     0.010872   -0.016656
     0.013468   -0.018293
     0.016399   -0.019910
     0.019711   -0.021517
     0.023460   -0.023120
     0.027723   -0.024730
     0.032594   -0.026352
     0.038189   -0.027990
     0.044643   -0.029643
     0.052102   -0.031303
     0.060701   -0.032951
     0.070528   -0.034555
     0.081594   -0.036075
     0.093812   -0.037468
     0.107018   -0.038700
     0.121017   -0.039750
     0.135627   -0.040612
     0.150697   -0.041291
     0.166117   -0.041799
     0.181807   -0.042149
     0.197712   -0.042356
     0.213791   -0.042437
     0.230015   -0.042403
     0.246363   -0.042267
     0.262817   -0.042043
     0.279364   -0.041739
     0.295994   -0.041366
     0.312696   -0.040933
     0.329463   -0.040449
     0.346285   -0.039920
     0.363152   -0.039355
     0.380046   -0.038761
     0.396937   -0.038144
     0.413775   -0.037499
     0.430584   -0.036805
     0.447397   -0.036065
     0.464227   -0.035282
     0.481079   -0.034460
     0.497953   -0.033602
     0.514851   -0.032712
     0.531771   -0.031793
     0.548710   -0.030847
     0.565669   -0.029878
     0.582644   -0.028887
     0.599634   -0.027878
     0.616639   -0.026851
     0.633656   -0.025810
     0.650684   -0.024755
     0.667723   -0.023687
     0.684769   -0.022610
     0.701822   -0.021522
     0.718881   -0.020427
     0.735944   -0.019323
     0.753011   -0.018212
     0.770079   -0.017095
     0.787148   -0.015971
     0.804215   -0.014840
     0.821279   -0.013704
     0.838336   -0.012561
     0.855382   -0.011412
     0.872405   -0.010257
     0.889385   -0.009096
     0.906280   -0.007932
     0.923000   -0.006771
     0.939371   -0.005623
     0.955080   -0.004510
     0.969666   -0.003467
     0.982633   -0.002530
     0.993687   -0.001724
     1.000000   -0.001260
