NACA 4418
     1.000000    0.001890
     0.992503    0.004454
     0.980237    0.008591
     0.966715    0.013069
     0.951970    0.017855
     0.936106    0.022894
     0.919278    0.028113
     0.901670    0.033440
     0.883458    0.038806
     0.864797    0.044154
     0.845811    0.049442
     0.826592    0.054638
     0.807209    0.059719
     0.787710    0.064672
     0.768129    0.069483
     0.748492    0.074146
     0.728818    0.078654
     0.709122    0.083001
     0.689416    0.087185
     0.669710    0.091199
     0.650014    0.095040
     0.630338    0.098704
     0.610690    0.102187
     0.591081    0.105483
     0.571520    0.108588
     0.552019    0.111496
     0.532590    0.114203
     0.513247    0.116703
     0.494009    0.118990
     0.474897    0.121057
     0.455939    0.122900
     0.437171    0.124512
     0.418638    0.125887
     0.400399    0.127023
     0.382504    0.127874
     0.364905    0.128403
     0.347563    0.128615
     0.330458    0.128512
     0.313584    0.128096
     0.296948    0.127368
     0.280562    0.126330
     0.264446    0.124985
     0.248627    0.123337
     0.233135    0.121395
     0.218007    0.119167
     0.203286    0.116667
     0.189017    0.113915
     0.175247    0.110932
     0.162027    0.107745
     0.149400    0.104385
     0.137407    0.100886
     0.126078    0.097284
     0.115433    0.093612
     0.105478    0.089904
     0.096208    0.086190
     0.087604    0.082495
     0.079640    0.078838
     0.072282    0.075234
     0.065491    0.071695
     0.059229    0.068225
     0.053455    0.064829
     0.048131    0.061507
     0.043221    0.058257
     0.038691    0.055077
     0.034510    0.051963
     0.030651    0.048911
     0.027091    0.045916
     0.023807    0.042973
     0.020781    0.040077
     0.017997    0.037224
     0.015442    0.034408
     0.013104    0.031627
     0.010975    0.028875
     0.009046    0.026151
     0.007311    0.023451
     0.005768    0.020774
     0.004412    0.018119
     0.003241    0.015487
     0.002254    0.012878
     0.001449    0.010296
     0.000825    0.007745
     0.000378    0.005229
     0.000106    0.002755
     0.000002    0.000334
     0.000061   -0.002067
     0.000296   -0.004502
     0.000722   -0.006954
     0.001355   -0.009411
     0.002205   -0.011856
     0.003280   -0.014275
     0.004583   -0.016651
     0.006112   -0.018973
     0.007866   -0.021230
     0.009840   -0.023417
     0.012030   -0.025529
     0.014433   -0.027566
     0.017047   -0.029528
     0.019874   -0.031417
     0.022917   -0.033237
     0.026183   -0.034991
     0.029682   -0.036682
     0.033427   -0.038313
     0.037434   -0.039888
     0.041725   -0.041408
     0.046323   -0.042876
     0.051258   -0.044292
     0.056565   -0.045657
     0.062283   -0.046970
     0.068459   -0.048228
     0.075147   -0.049429
     0.082406   -0.050568
     0.090305   -0.051638
     0.098918   -0.052629
     0.108326   -0.053530
     0.118609   -0.054328
     0.129846   -0.055007
     0.142105   -0.055549
     0.155437   -0.055937
     0.169866   -0.056155
     0.185386   -0.056190
     0.201956   -0.056036
     0.219507   -0.055691
     0.237948   -0.055164
     0.257178   -0.054468
     0.277092   -0.053621
     0.297589   -0.052646
     0.318568   -0.051568
     0.339928   -0.050412
     0.361560   -0.049207
     0.383331   -0.047981
     0.405086   -0.046758
     0.426771   -0.045470
     0.448463   -0.044090
     0.470213   -0.042628
     0.492050   -0.041094
     0.513986   -0.039498
     0.536024   -0.037850
     0.558163   -0.036159
     0.580394   -0.034434
     0.602708   -0.032681
     0.625092   -0.030911
     0.647527   -0.029129
     0.669991   -0.027342
     0.692458   -0.025557
     0.714908   -0.023779
     0.737328   -0.022011
     0.759704   -0.020256
     0.782018   -0.018517
     0.804238   -0.016797
     0.826313   -0.015099
     0.848162   -0.013429
     0.869660   -0.011793
     0.890627   -0.010203
     0.910828   -0.008675
     0.929986   -0.007225
     0.947836   -0.005874
     0.964176   -0.004633
     0.978912   -0.003509
     0.992061   -0.002501
     1.000000   -0.001890
