NACA 2415
     1.000000    0.001575
     0.993138    0.003228
     0.981642    0.005964
     0.968664    0.009001
     0.954287    0.012304
     0.938719    0.015808
     0.922230    0.019440
     0.905089    0.023129
     0.887513    0.026822
     0.869655    0.030483
     0.851619    0.034088
     0.833469    0.037623
     0.815246    0.041079
     0.796975    0.044452
     0.778670    0.047738
     0.760343    0.050935
     0.742001    0.054041
     0.723650    0.057055
     0.705293    0.059975
     0.686937    0.062798
     0.668583    0.065525
     0.650236    0.068151
     0.631900    0.070675
     0.613578    0.073095
     0.595275    0.075407
     0.576994    0.077608
     0.558739    0.079696
     0.540517    0.081666
     0.522330    0.083516
     0.504187    0.085240
     0.486094    0.086834
     0.468060    0.088293
     0.450098    0.089613
     0.432226    0.090789
     0.414468    0.091813
     0.396864    0.092680
     0.379439    0.093359
     0.362163    0.093834
     0.345016    0.094102
     0.327995    0.094158
     0.311102    0.093998
     0.294345    0.093618
     0.277737    0.093011
     0.261295    0.092173
     0.245041    0.091099
     0.229000    0.089786
     0.213209    0.088232
     0.197707    0.086436
     0.182546    0.084403
     0.167791    0.082139
     0.153513    0.079659
     0.139797    0.076983
     0.126731    0.074139
     0.114402    0.071164
     0.102883    0.068099
     0.092223    0.064986
     0.082445    0.061865
     0.073539    0.058770
     0.065469    0.055728
     0.058180    0.052756
     0.051608    0.049863
     0.045682    0.047053
     0.040336    0.044325
     0.035506    0.041674
     0.031137    0.039093
     0.027178    0.036576
     0.023587    0.034115
     0.020328    0.031701
     0.017371    0.029328
     0.014691    0.026987
     0.012268    0.024673
     0.010086    0.022379
     0.008132    0.020100
     0.006399    0.017831
     0.004879    0.015572
     0.003570    0.013319
     0.002469    0.011075
     0.001575    0.008844
     0.000885    0.006630
     0.000398    0.004442
     0.000106    0.002289
     0.000001    0.000188
     0.000074   -0.001901
     0.000338   -0.004031
     0.000811   -0.006182
     0.001503   -0.008340
     0.002423   -0.010488
     0.003572   -0.012613
     0.004952   -0.014703
     0.006559   -0.016752
     0.008392   -0.018756
     0.010451   -0.020716
     0.012739   -0.022633
     0.015263   -0.024510
     0.018033   -0.026351
     0.021064   -0.028161
     0.024376   -0.029946
     0.027996   -0.031709
     0.031954   -0.033455
     0.036289   -0.035188
     0.041049   -0.036912
     0.046288   -0.038628
     0.052070   -0.040338
     0.058470   -0.042039
     0.065571   -0.043729
     0.073458   -0.045398
     0.082221   -0.047036
     0.091938   -0.048624
     0.102667   -0.050140
     0.114433   -0.051559
     0.127220   -0.052854
     0.140970   -0.053998
     0.155589   -0.054972
     0.170967   -0.055765
     0.186988   -0.056372
     0.203544   -0.056793
     0.220543   -0.057038
     0.237909   -0.057115
     0.255582   -0.057038
     0.273513   -0.056818
     0.291665   -0.056470
     0.310004   -0.056005
     0.328505   -0.055437
     0.347140   -0.054778
     0.365881   -0.054040
     0.384689   -0.053234
     0.403512   -0.052372
     0.422309   -0.051434
     0.441116   -0.050410
     0.459957   -0.049305
     0.478845   -0.048127
     0.497783   -0.046881
     0.516773   -0.045572
     0.535812   -0.044206
     0.554898   -0.042787
     0.574027   -0.041320
     0.593195   -0.039810
     0.612398   -0.038259
     0.631633   -0.036673
     0.650895   -0.035053
     0.670180   -0.033402
     0.689484   -0.031724
     0.708803   -0.030019
     0.728132   -0.028291
     0.747468   -0.026540
     0.766803   -0.024768
     0.786130   -0.022976
     0.805438   -0.021166
     0.824711   -0.019338
     0.843922   -0.017495
     0.863027   -0.015640
     0.881954   -0.013780
     0.900587   -0.011927
     0.918748   -0.010096
     0.936182   -0.008316
     0.952579   -0.006619
     0.967629   -0.005041
     0.981115   -0.003610
     0.992967   -0.002337
     1.000000   -0.001575
