NACA 2418
     1.000000    0.001890
     0.992295    0.004014
     0.979676    0.007446
     0.965744    0.011169
     0.950526    0.015157
     0.934123    0.019364
     0.916699    0.023734
     0.898444    0.028204
     0.879549    0.032715
     0.860181    0.037219
     0.840473    0.041680
     0.820526    0.046070
     0.800414    0.050371
     0.780189    0.054569
     0.759889    0.058655
     0.739541    0.062622
     0.719166    0.066464
     0.698779    0.070177
     0.678394    0.073757
     0.658022    0.077198
     0.637674    0.080497
     0.617359    0.083649
     0.597088    0.086650
     0.576870    0.089495
     0.556716    0.092177
     0.536638    0.094692
     0.516648    0.097034
     0.496761    0.099195
     0.476995    0.101170
     0.457369    0.102951
     0.437911    0.104532
     0.418652    0.105906
     0.399635    0.107065
     0.380895    0.107981
     0.362414    0.108630
     0.344180    0.109009
     0.326194    0.109118
     0.308469    0.108954
     0.291025    0.108515
     0.273887    0.107801
     0.257092    0.106813
     0.240678    0.105555
     0.224692    0.104034
     0.209185    0.102261
     0.194211    0.100249
     0.179824    0.098020
     0.166077    0.095596
     0.153015    0.093005
     0.140674    0.090277
     0.129076    0.087441
     0.118229    0.084529
     0.108126    0.081566
     0.098747    0.078578
     0.090062    0.075584
     0.082032    0.072600
     0.074615    0.069637
     0.067767    0.066703
     0.061444    0.063804
     0.055602    0.060941
     0.050201    0.058117
     0.045206    0.055329
     0.040582    0.052576
     0.036300    0.049854
     0.032334    0.047162
     0.028660    0.044496
     0.025258    0.041851
     0.022111    0.039224
     0.019205    0.036612
     0.016527    0.034011
     0.014068    0.031418
     0.011819    0.028830
     0.009775    0.026246
     0.007932    0.023664
     0.006285    0.021083
     0.004834    0.018504
     0.003578    0.015930
     0.002515    0.013363
     0.001643    0.010808
     0.000961    0.008272
     0.000466    0.005761
     0.000151    0.003284
     0.000010    0.000851
     0.000034   -0.001549
     0.000228   -0.003987
     0.000607   -0.006452
     0.001182   -0.008932
     0.001962   -0.011416
     0.002954   -0.013891
     0.004161   -0.016345
     0.005583   -0.018768
     0.007219   -0.021153
     0.009068   -0.023494
     0.011127   -0.025789
     0.013397   -0.028036
     0.015878   -0.030235
     0.018572   -0.032387
     0.021484   -0.034496
     0.024622   -0.036562
     0.027996   -0.038591
     0.031618   -0.040583
     0.035505   -0.042543
     0.039675   -0.044472
     0.044152   -0.046374
     0.048963   -0.048249
     0.054138   -0.050099
     0.059714   -0.051924
     0.065733   -0.053725
     0.072240   -0.055498
     0.079287   -0.057242
     0.086933   -0.058950
     0.095238   -0.060616
     0.104266   -0.062230
     0.114081   -0.063781
     0.124743   -0.065251
     0.136303   -0.066625
     0.148797   -0.067880
     0.162241   -0.068998
     0.176629   -0.069957
     0.191928   -0.070739
     0.208087   -0.071331
     0.225035   -0.071723
     0.242696   -0.071912
     0.260988   -0.071900
     0.279831   -0.071691
     0.299152   -0.071297
     0.318882   -0.070729
     0.338957   -0.070000
     0.359315   -0.069126
     0.379889   -0.068124
     0.400604   -0.067011
     0.421387   -0.065773
     0.442253   -0.064394
     0.463217   -0.062884
     0.484290   -0.061251
     0.505471   -0.059506
     0.526758   -0.057656
     0.548145   -0.055709
     0.569624   -0.053674
     0.591187   -0.051557
     0.612825   -0.049366
     0.634528   -0.047106
     0.656285   -0.044783
     0.678084   -0.042402
     0.699913   -0.039968
     0.721757   -0.037486
     0.743599   -0.034959
     0.765414   -0.032392
     0.787172   -0.029790
     0.808830   -0.027158
     0.830326   -0.024504
     0.851571   -0.021840
     0.872445   -0.019181
     0.892782   -0.016549
     0.912377   -0.013972
     0.930997   -0.011485
     0.948413   -0.009121
     0.964445   -0.006912
     0.978997   -0.004878
     0.992069   -0.003026
     1.000000   -0.001890
