NACA 4412
     1.000000    0.001260
     0.993921    0.002916
     0.983327    0.005768
     0.970981    0.009036
     0.957179    0.012619
     0.942371    0.016383
     0.926965    0.020212
     0.911233    0.024029
     0.895328    0.027796
     0.879329    0.031492
     0.863273    0.035107
     0.847180    0.038638
     0.831060    0.042081
     0.814917    0.045436
     0.798755    0.048702
     0.782575    0.051878
     0.766381    0.054965
     0.750173    0.057961
     0.733952    0.060865
     0.717721    0.063677
     0.701480    0.066396
     0.685231    0.069021
     0.668976    0.071551
     0.652716    0.073984
     0.636452    0.076319
     0.620187    0.078555
     0.603921    0.080690
     0.587657    0.082722
     0.571396    0.084650
     0.555140    0.086471
     0.538891    0.088183
     0.522652    0.089784
     0.506424    0.091272
     0.490211    0.092643
     0.474018    0.093895
     0.457849    0.095025
     0.441715    0.096030
     0.425636    0.096905
     0.409648    0.097646
     0.393822    0.098245
     0.378173    0.098649
     0.362628    0.098850
     0.347155    0.098845
     0.331742    0.098632
     0.316386    0.098209
     0.301089    0.097571
     0.285856    0.096715
     0.270692    0.095637
     0.255607    0.094333
     0.240610    0.092799
     0.225711    0.091031
     0.210924    0.089025
     0.196264    0.086778
     0.181751    0.084285
     0.167408    0.081546
     0.153266    0.078559
     0.139367    0.075326
     0.125765    0.071853
     0.112536    0.068154
     0.099779    0.064257
     0.087623    0.060204
     0.076219    0.056058
     0.065719    0.051899
     0.056247    0.047817
     0.047862    0.043889
     0.040548    0.040169
     0.034229    0.036683
     0.028792    0.033431
     0.024114    0.030397
     0.020082    0.027558
     0.016595    0.024887
     0.013573    0.022358
     0.010950    0.019948
     0.008675    0.017636
     0.006709    0.015405
     0.005023    0.013239
     0.003597    0.011126
     0.002417    0.009057
     0.001476    0.007027
     0.000769    0.005037
     0.000294    0.003090
     0.000045    0.001195
     0.000013   -0.000636
     0.000204   -0.002489
     0.000650   -0.004363
     0.001375   -0.006226
     0.002388   -0.008047
     0.003688   -0.009802
     0.005268   -0.011479
     0.007123   -0.013073
     0.009252   -0.014588
     0.011665   -0.016031
     0.014383   -0.017409
     0.017437   -0.018731
     0.020874   -0.020003
     0.024755   -0.021232
     0.029161   -0.022421
     0.034194   -0.023569
     0.039980   -0.024674
     0.046675   -0.025725
     0.054447   -0.026704
     0.063446   -0.027585
     0.073772   -0.028332
     0.085432   -0.028911
     0.098318   -0.029294
     0.112233   -0.029471
     0.126955   -0.029446
     0.142284   -0.029239
     0.158062   -0.028872
     0.174178   -0.028372
     0.190555   -0.027763
     0.207138   -0.027068
     0.223889   -0.026305
     0.240776   -0.025493
     0.257771   -0.024649
     0.274842   -0.023787
     0.291936   -0.022922
     0.309006   -0.022068
     0.326031   -0.021236
     0.343008   -0.020432
     0.359945   -0.019666
     0.376857   -0.018942
     0.393776   -0.018266
     0.410763   -0.017625
     0.427814   -0.016966
     0.444911   -0.016289
     0.462045   -0.015599
     0.479207   -0.014901
     0.496387   -0.014199
     0.513569   -0.013497
     0.530740   -0.012799
     0.547895   -0.012108
     0.565033   -0.011428
     0.582153   -0.010760
     0.599257   -0.010106
     0.616347   -0.009469
     0.633424   -0.008851
     0.650490   -0.008252
     0.667547   -0.007675
     0.684595   -0.007120
     0.701636   -0.006589
     0.718671   -0.006082
     0.735703   -0.005600
     0.752731   -0.005143
     0.769758   -0.004711
     0.786784   -0.004306
     0.803810   -0.003926
     0.820836   -0.003572
     0.837862   -0.003244
     0.854886   -0.002941
     0.871900   -0.002663
     0.888886   -0.002409
     0.905806   -0.002178
     0.922576   -0.001972
     0.939024   -0.001789
     0.954835   -0.001630
     0.969529   -0.001497
     0.982584   -0.001389
     0.993682   -0.001305
     1.000000   -0.001260
